991111111111119111111191111111111111111111111111191311111111111111111111131111111111111111131111133
981000000100100100009009000100100101001110111001000000111110101010010102001000001110010001003000022
809000010100000000910000010000000110091001011000101010001000030111000100000000101300100001002000022
900011091000010000000108011000009010000100000010000001100100301000001000000010013000000100000131003
800009000001100000010008000000090110000000000100000000000001000001300000001101002001000000000200022
800000000000000000890000000090000000000010000001100000010000000100003000000000000003000000000020022
880900100000000900000000009000000000000000100010000001000000000100000110003000000000101301000020002
880810000000000010000000000800000000000800000019010030000000001010012000000200000000000000000003202
809000000009010000000000910100000000000000091110000000000000300000000000110003100000000210000002002
890000000190000000000910000001000000090110000000001000000103000010000001000030000010000000300002202
880800000008000010001000000080100009000000100000000100001000000010300000000002000000000013000000132
800000080000000009090001000000000900101001000000100000000000001030000020000000000000000002000020222
800080000080000000009000010000090000000001000000000000000000000000030000000000010300000000010300022
800880001900001000000080000090000000000000000000000000110000000001000300000000101200000200000002022
8800080008000009000000000091000000000000000000000011001000000000000000000003000000030010000020020022
808080090000009000100000000080000010000000911000000110003000000000000011100300000000030000000030003
808080900000190000000000000000080000000000000000090000000310010000000000200000000000003000003000002
900000000000808000000009000000000000000009000000000003000000000000001000000003000001002000000200022
809000001009000000000000900000000009000000000000000000010010300000000000000010030000020000000000322
880000000800000000800900010000109010000100000000000000000001000001003020000020000000000000000000003
800800800000080000000090000000000000100008000001100000000000000102000000000000003000020000200000022
888100000910100000000000000809000000100000000010000000000000010100000300000000000030000003200000222
8080100000080000010900000000081000000000000000000000000011000000000000010302000000000100010030020022
890000000000080009100000000900000100000019000000000000100030001000010020000000100003020000000020202
880080000008008008000000000008010000000008001100000000000300000000000000030000000020000100020020002
900000000000000000009000009000000000009000010000010001110001000030000000000000000000300000022000002
880009000800000000008000000090000000900000000000000000000000001120300000000000002000000000022000022
880000000008000010000800008000000000000000000009001110000020000000000200000000000000030000003001202
800080000000080000000080000008000090000000100000000000000000130000000000000113000000200000300020002
808008090000090000000090000000009001000000000093000000000000000001000300003000000000000000000030002
800080009000901000009001000000008000000000000000100000090130000000103000000000013000000030000200202
800000000080800000008000000009010000010019000100011001000200020000000000200000000000000020020000032
880000000000000090000900000000000080009000110000020000000000000000000000300000300000020000000300022
880091000009000100090000100000000000808010001100000000003000000000000000030000000320000000000000132
800080000000800000900000000910000000910000000000000000100001100030010200200000000000000000300000222
800900000000000000080000000000808000000000000080000002000000000000000000003000000030001001200001202
800080000000000000008000090000000090000000000000100010000000030000020000000000000020002000000002022
880800000910000000080000000800000100090000000000000100000000003000000001200000002000000020000000202
880800000800000009000000000800000900000100000000000000000000000000030000000000000020000100200000003
808000000000000800880000000000000009000000000000000000000000000100120000000030002000000002000000022
889000100800000000800000009000009000000000000000000000000000000000003000000300000200000000013000022
888000000000000808000000000800100000008000000000000000000000000020000000002000000000302000000000022
880080800800000000000008000008008000000000000000000000000000000000000300000003000020000200000002002
888000000800000000000008000080000000000800000000000000000000000000020200000000000000200000002000022
808000000808000090000090100000000000000008000000000000000000000000000030000000300000200000020002022
890000000800000080000080000000000008000000000000000000000000000000000003000200002000000020002000202
8080000090000000008000000000008000120000000000000000000000000000001002020000000000003000000200002222
808000000000008080000000000008008000000000000000000000000000000000000200000000000020000000000300022
808080000000000900000000008000090000000000000000000000000000000000000020000000000000003000000200002
808000000800000800000080000000008000000000000000000000000000000000000002002000000000006000200000022
800000008000000000000081000000000800000000000000000000000000000000000006000000200000200000000600222
888800000080000800000000008000000008000000000000000000000000000000002000000000200000200000002000006
900000090000000800000000000009000000000000000000000000000000000000000060000020000000600000002200202
120000001200000000800000120010000000000000800000000000000000000000000002000000000200020020000000000222
8880008080000000800000080000000000001200000000000000000000000000000200000020002000000000000200000222
800000001200000012000000080000012000400000000000000000000000000000000000200000000600020020000000000022
880000000000800400800000800000000000000000080000000000000000000000002000000600000002000000000002002
888120000000000008012000000000800012000000000000000000000000000000000000600200000000000070000000002202
8800000000000000800800000000080120000000000000000000000000000000000200000000060000000000000002000022
8800000008000000000800001200000000000080040000000000000000000000006000000042000000020000000006020002
81200000000800000800000412040000000000000000000800000000000000000000200000000006000020000000060002002
800008080840000080000000000800000000000800000000000000000040000000006000200000000020000000000000202
80000800080000001240000000000080000012000000000000000000000000000000060000002000000006000000200200002
80800000012004000000080000012000000000000000080000000000000000000200000000006000020000000020000004062
8800080080080000000120000000080000400000000000008000000000000000000600000640000040200000000000020002
8012000000000008000000000800080400000080000000000040000400000000200000060000400000060000040600000222
880000800001200000040080000012000000000124004000000000000000004000464000002000000600020000000000020002
80012000080000800000001200000000000000008000080000000400004000006000000406004060000000000002000000602
880012000000008000000800000001200000000001200004000000004000000460000020000000000000600000406000020202
800008120000000008000000000800120404000040000001244004040020004000000402020000000000000200000200000002
808080080000012000000120044000000080000000001240000000000004600000000000000000000006002000000000060002
880001200000000000000800000008000120004004440040001200000060000040400046000000006000004060000000602002
8000080008004012000000000008000000084000000400000004000000000000060000000000000000000406000000002002
8000000800400000012000000000800000080000000000000000000000000200400000020000000000020000020000002002
80800008000000008400000000120000000120000040000000000000020020000000000000000020000000004006000000002
8880000124400000012000000401204000000000000040000000000001200000600000000000200000002000040000022002002
801200000000000000080000000001200000000000000001240400004020000000020000000000000000600000000006000202
120000000000800000001200000000400080000000000120404000000000460000000040046000000000060600000000040006
8800800000080000004000000000080400440000000000000120440060000000000000000600000006002000000200002022
88800000000120000000008404000012000000040000000000000000000000400004000600000000020000000000460000222
81200000000000800000080000400001200000004400000000000400000000000000006000400000600020000020002000002
80080088000008000000124000040040012000400000000004000000040000044000200000000200000000000060000000022
880012000000001200000000000000000000000008001200000040000040040000040600000040400060000000000000006202
8800088000000008000000000000000008000000000004001200000004006000000000000004006000020000000004000462
808000000012400000000000800012000000000000000012040000060400000000000000000000060000000000600000004022
808000000000800124000000000000012004000000000000000012004000600000000000600000400000406000000000200022
88000124000000000000120000000000000008000000004000400000000000000020000000000000006000000000000600006
8400000012000000000000000000000008000008004000000000000004000000004000406000000000020000000020000022
1200000012040000000000001200400000120044000000000000000000000000044000404060400000040060060000000200222
8000000000800080000080040000000012000044040000000000000000000000060000044000004200000004000060000022
808000800000000120000124004000000000004000000000000000120000004404600200000000000000000000002200200022
80800000000080000000400000012000440000041200000000000400000600000000040000004040600000040000602000022
1201200000000012000000000000000800000004000401200040040006000004000000000400060040000000000046000040022
88008000000000804000004000124000000000400000000014000000000000000000402000000000400400200000000000062
801212000000000080000040000000012000004000000040004004400000400040600000000000440000000000600000000606
8012812040000004120040004000000120400000000004004000000000004020000400440404000000000404604000000600222
120080120000440000000000008000004400000040004040001240044440400000000006400040000406004004000006000222
800120000120404440040000008444040041240400040040444004040000020004000440040444444060000440004060000022
12124444412444444444412444444444444444444444444444444444444444124444446446444444444444444444444644444646
